##
## @author Mark Donszelmann
## @version $Id: latin.unicode.txt,v 1.1 2009-03-04 22:46:58 andrew Exp $
##

##
## Latin Character Set
##
##				STD	MAC	WIN	PDF	ISO
A	A			0101	0101	0101	0101	0101
Æ	AE			0341	0256	0306	0306	0341
Á	Aacute   		-1	0347	0301	0301	0301
Â	Acircumflex		-1	0345	0302	0302	0302
Ä	Adieresis		-1	0200	0304	0304	0304
À	Agrave			-1	0313	0300	0300	0300
Å	Aring			-1	0201	0305	0305	0305
Ã	Atilde			-1	0314	0303	0303	0303
B	B			0102	0102	0102	0102	0102
C	C			0103	0103	0103	0103	0103
Ç	Ccedilla			-1	0202	0307	0307	0307
D	D			0104	0104	0104	0104	0104
E	E			0105	0105	0105	0105	0105
É	Eacute			-1	0203	0311	0311	0311
Ê	Ecircumflex		-1	0346	0312	0312	0312
Ë	Edieresis		-1	0350	0313	0313	0313
È	Egrave			-1	0351	0310	0310	0310
Ð	Eth			-1	-1	0320	0320	0320
€	Euro			-1	-1	0200	0240	-1
F	F			0106	0106	0106	0106	0106
G	G			0107	0107	0107	0107	0107
H	H			0110	0110	0110	0110	0110
I	I			0111	0111	0111	0111	0111
Í 	Iacute			-1	0352	0315	0315	0315
Î	Icircumflex		-1	0353	0316	0316	0316
Ï 	Idieresis		-1	0354	0317	0317	0317
Ì	Igrave			-1	0355	0314	0314	0314
J	J			0112	0112	0112	0112	0112
K	K			0113	0113	0113	0113	0113
L	L			0114	0114	0114	0114	0114
Ł	Lslash			0350	-1	-1	0225	-1
M	M			0115	0115	0115	0115	0115
N	N			0116	0116	0116	0116	0116
Ñ	Ntilde			-1	0204	0321	0321	0321
O	O			0117	0117	0117	0117	0117
Œ	OE			0352	0316	0214	0226	-1
Ò	Oacute			-1	0356	0323	0323	0323
Ô	Ocircumflex		-1	0357	0324	0324	0324
Ö	Odieresis		-1	0205	0326	0326	0326
Ó	Ograve			-1	0361	0322	0322	0322
Ø	Oslash			0351	0257	0330	0330	0330
Õ	Otilde			-1	0315	0325	0325	0325
P	P			0120	0120	0120	0120	0120
Q	Q			0121	0121	0121	0121	0121
R	R			0122	0122	0122	0122	0122
S	S			0123	0123	0123	0123	0123
Š	Scaron			-1	-1	0212	0227	-1
T	T			0124	0124	0124	0124	0124
Þ	Thorn			-1	-1	0336	0336	0336
U	U			0125	0125	0125	0125	0125
Ú 	Uacute			-1	0362	0332	0332	0332
Û	Ucircumflex		-1	0363	0333	0333	0333
Ü 	Udieresis		-1	0206	0334	0334	0334
Ù	Ugrave			-1	0364	0331	0331	0331
V	V			0126	0126	0126	0126	0126
W	W			0127	0127	0127	0127	0127
X	X			0130	0130	0130	0130	0130
Y	Y			0131	0131	0131	0131	0131
Ý	Yacute			-1	-1	0335	0335	0335
Ÿ	Ydieresis		-1	0331	0237	0230	-1
Z	Z			0132	0132	0132	0132	0132
Ž	Zcaron			-1	-1	0216	0231	-1
a	a			0141	0141	0141	0141	0141
á	aacute 			-1	0207	0341	0341	0341
â	acircumflex		-1	0211	0342	0342	0342
´	acute			0302	0253	0264	0264	0264
ä 	adieresis		-1	0212	0344	0344	0344
æ 	ae			0361	0276	0346	0346	0346
à 	agrave			-1	0210	0340	0340	0340
&	ampersand		0046	0046	0046	0046	0046
å	aring			-1	0214	0345	0345	0345
^	asciicircum		0136	0136	0136	0136	0136
~	asciitilde		0176	0176	0176	0176	0176
*	asterisk			0052	0052	0052	0052	0052
@	at			0100	0100	0100	0100	0100
ã	atilde			-1	0213	0343	0343	0343
b	b			0142	0142	0142	0142	0142
\	backslash		0134	0134	0134	0134	0134
|	bar			0174	0174	0174	0174	0174
{	braceleft		0173	0173	0173	0173	0173
}	braceright		0175	0175	0175	0175	0175
[	bracketleft		0133	0133	0133	0133	0133
]	bracketright		0135	0135	0135	0135	0135
˘	breve			0306	0371	-1	0030	0226
¦	brokenbar		-1	-1	0246	0246	0246
•	bullet			0267	0245	0225	0200	-1
c	c			0143	0143	0143	0143	0143
ˇ	caron			0317	0377	-1	0031	0237
ç	ccedilla			-1	0215	0347	0347	0347
¸	cedilla			0313	0374	0270	0270	0270
¢	cent			0242	0242	0242	0242	0242
ˆ	circumflex		0303	0366	0210	0032	0223
:	colon			0072	0072	0072	0072	0072
,	comma			0054	0054	0054	0054	0054
©	copyright		-1	0251	0251	0251	0251
¤	currency		0250	0333	0244	0244	0244
d	d			0144	0144	0144	0144	0144
†	dagger			0262	0240	0206	0201	-1
‡	daggerdbl		0263	0340	0207	0202	-1
°	degree			-1	0241	0260	0260	0260
¨	dieresis			0310	0254	0250	0250	0250
÷	divide			-1	0326	0367	0367	0267
$	dollar			0044	0044	0044	0044	0044
˙	dotaccent		0307	0372	-1	0033	0227
ı	dotlessi			0365	0365	-1	0232	0220
e	e			0145	0145	0145	0145	0145
é	eacute			-1	0216	0351	0351	0351
ê	ecircumflex		-1	0220	0352	0352	0352
ë	edieresis		-1	0221	0353	0353	0353
è	egrave			-1	0217	0350	0350	0350
8	eight			0070	0070	0070	0070	0070
…	ellipsis			0274	0311	0205	0203	-1
-	emdash			0320	0321	0227	0204	-1
-	endash			0261	0320	0226	0205	-1
=	equal			0075	0075	0075	0075	0075
ð	eth			-1	-1	0360	0360	0360
!	exclam			0041	0041	0041	0041	0041
¡	exclamdown		0241	0301	0241	0241	0241
f	f			0146	0146	0146	0146	0146
ﬁ	fi			0256	0336	-1	0223	-1
5	five			0065	0065	0065	0065	0065
ﬂ	fl			0257	0337	-1	0224	-1
ƒ	florin			0246	0304	0203	0206	-1
4	four			0064	0064	0064	0064	0064
⁄	fraction			0244	0332	-1	0207	-1
g	g			0147	0147	0147	0147	0147
ß	germandbls		0373	0247	0337	0337	0337
`	grave			0301	0140	0140	0140	0221
>	greater			0076	0076	0076	0076	0076
«	guillemotleft		0253	0307	0253	0253	0253
»	guillemotright		0273	0310	0273	0273	0273
‹	guilsinglleft		0254	0334	0213	0210	-1
›	guilsinglright		0255	0335	0233	0211	-1
h	h			0150	0150	0150	0150	0150
ʺ	hungarumlaut		0315	0375	-1	0034	0235
-	hyphen			0055	0055	0055	0055	0255
i	i			0151	0151	0151	0151	0151
í	iacute			-1	0222	0355	0355	0355
î	icircumflex		-1	0224	0356	0356	0356
ï	idieresis		-1	0225	0357	0357	0357
ì	igrave			-1	0223	0354	0354	0354
j	j			0152	0152	0152	0152	0152
k	k			0153	0153	0153	0153	0153
l	l			0154	0154	0154	0154	0154
<	less			0074	0074	0074	0074	0074
¬	logicalnot		-1	0302	0254	0254	0254
ł	lslash			0370	-1	-1	0233	-1
m	m			0155	0155	0155	0155	0155
¯	macron			0305	0370	0257	0257	0257
−	minus			-1	-1	-1	0212	0055
μ	mu			-1	0265	0265	0265	0265
×	multiply			-1	-1	0327	0327	0327
n	n			0156	0156	0156	0156	0156
9	nine			0071	0071	0071	0071	0071
ñ	ntilde			-1	0226	0361	0361	0361
#	numbersign		0043	0043	0043	0043	0043
o	o			0157	0157	0157	0157	0157
ó	oacute			-1	0227	0363	0363	0363
ô	ocircumflex		-1	0231	0364	0364	0364
ö	odieresis		-1	0232	0366	0366	0366
œ	oe			0372	0317	0234	0234	-1
˛	ogonek			0316	0376	-1	0035	0236
ò	ograve			-1	0230	0362	0362	0362
1	one			0061	0061	0061	0061	0061
½	onehalf			-1	-1	0275	0275	0275
¼	onequarter		-1	-1	0274	0274	0274
¹	onesuperior		-1	-1	0271	0271	0271
ª	ordfeminine		0343	0273	0252	0252	0252
º	ordmasculine		0353	0274	0272	0272	0272
ø	oslash			0371	0277	0370	0370	0370
õ	otilde			-1	0233	0365	0365	0365
p	p			0160	0160	0160	0160	0160
¶	paragraph		0266	0246	0266	0266	0266
(	parenleft		0050	0050	0050	0050	0050
)	parenright		0051	0051	0051	0051	0051
%	percent			0045	0045	0045	0045	0045
.	period			0056	0056	0056	0056	0056
·	periodcentered		0264	0341	0267	0267	0267
‰	perthousand		0275	0344	0211	0213	-1
+	plus			0053	0053	0053	0053	0053
±	plusminus		-1	0261	0261	0261	0261
q	q			0161	0161	0161	0161	0161
?	question		0077	0077	0077	0077	0077
¿	questiondown		0277	0300	0277	0277	0277
"	quotedbl		0042	0042	0042	0042	0042
„	quotedblbase		0271	0343	0204	0214	-1
“	quotedblleft		0252	0322	0223	0215	-1
”	quotedblright		0272	0323	0224	0216	-1
`	quoteleft		0140	0324	0221	0217	0140
'	quoteright		0047	0325	0222	0220	0047
‚	quotesinglbase		0270	0342	0202	0221	-1
'	quotesingle		0251	0047	0047	0047	-1
r	r			0162	0162	0162	0162	0162
®	registered		-1	0250	0256	0256	0256
˚	ring			0312	0373	-1	0036	0232
s	s			0163	0163	0163	0163	0163
š	scaron			-1	-1	0232	0235	-1
§	section			0247	0244	0247	0247	0247
;	semicolon		0073	0073	0073	0073	0073
7	seven			0067	0067	0067	0067	0067
6	six			0066	0066	0066	0066	0066
/	slash			0057	0057	0057	0057	0057
\u0020 	space			0040	0040	0040	0040	0040
£	sterling			0243	0243	0243	0243	0243
t	t			0164	0164	0164	0164	0164
þ	thorn			-1	-1	0376	0376	0376
3	three			0063	0063	0063	0063	0063
¾	threequarters		-1	-1	0276	0276	0276
³	threesuperior		-1	-1	0263	0263	0263
˜	tilde			0304	0367	0230	0037	0224
™	trademark		-1	0252	0231	0222	-1
2	two			0062	0062	0062	0062	0062
²	twosuperior		-1	-1	0262	0262	0262
u	u			0165	0165	0165	0165	0165
ú	uacute			-1	0234	0372	0372	0372
û	ucircumflex		-1	0236	0373	0373	0373
ü	udieresis		-1	0237	0374	0374	0374
ù	ugrave			-1	0235	0371	0371	0371
_	underscore		0137	0137	0137	0137	0137
v	v			0166	0166	0166	0166	0166
w	w			0167	0167	0167	0167	0167
x	x			0170	0170	0170	0170	0170
y	y			0171	0171	0171	0171	0171
ý	yacute			-1	-1	0375	0375	0375
ÿ	ydieresis		-1	0330	0377	0377	0377
¥	yen			0245	0264	0245	0245	0245
z	z			0172	0172	0172	0172	0172
ž	zcaron			-1	-1	0236	0236	-1
0	zero			0060	0060	0060	0060	0060

